ID,Adoption,Died,Euthanasia,Return_to_owner,Transfer
1,0.0470770766671,0.00187780609418,0.129794014692,0.619267787413,0.201983315134
2,0.0190408047674,0.00574333163962,0.188898730938,0.0301377005849,0.75617943207
3,0.000625147609982,0.00110084471673,0.00492607708251,0.000602793914652,0.992745136676
4,0.00416526679255,0.00133474317762,0.0170187540235,0.0016635384474,0.975817697559
5,0.0044871679295,0.110782392186,0.0259158893882,0.00180736512738,0.857007185369
6,0.0242000432159,0.026597766738,0.0972008094313,0.00933491333925,0.842666467276
7,0.776765828843,0.00767387345366,0.17284688261,0.00658436412499,0.0361290509686
8,0.0147911402075,0.00121889676637,0.00206469538764,0.00326063456771,0.978664633071
9,0.0304135492098,0.0206509744171,0.123866698902,0.00275258959896,0.822316187872
10,0.859144747956,0.00277634306512,0.00826350381039,0.00732933594548,0.122486069223
11,0.988679869468,0.00057802174752,0.00246702064033,0.00217777676607,0.00609731137834
12,0.577100384824,0.00320522434479,0.0880516854283,0.00505008482505,0.326592620578
13,0.11019483177,0.00191572180293,0.0245243661627,0.081321948866,0.782043131399
14,0.957527594553,0.00153790222165,0.00541484591491,0.00655506533866,0.0289645919717
15,0.0113617975619,0.000914400246344,0.00364235605415,0.00333212146054,0.980749324677
16,0.00394404224269,0.0112423248497,0.0360180356344,0.00275022813034,0.946045369143
17,0.0292901364022,0.000603746973649,0.00154580991029,0.0012645080629,0.967295798651
18,0.0192925281711,0.092683981348,0.0649571599079,0.000967020180362,0.822099310393
19,0.0107028234601,0.000633610109645,0.00202222953448,0.00224765464487,0.984393682251
20,0.00237305781179,0.00314893921948,0.0326930977636,0.000994652640702,0.960790252564
21,0.249304506381,0.00401338511384,0.0976399353901,0.37024775699,0.278794416125
22,0.433433099614,0.00909316059751,0.0930807961753,0.0473823681595,0.417010575454
23,0.169262673965,0.0144423433395,0.0596969716076,0.158855178635,0.597742832453
24,0.828135982571,0.00330205819407,0.0174417289767,0.0143048897225,0.136815340536
25,0.00243658509517,0.000900274475641,0.00398356632865,0.000492905278717,0.992186668822
26,0.00180774835147,0.00364448467054,0.0160663738595,0.00153226941129,0.976949123707
27,0.931801456594,0.0011272063303,0.0046539893627,0.00367338808512,0.0587439596275
28,0.394953171113,0.00486072889167,0.087497535884,0.00819291466161,0.50449564945
29,0.302360382136,0.0512000915426,0.145503502107,0.39280304136,0.108132982855
30,0.266852979979,0.00183245313981,0.0116894711897,0.0177098676651,0.701915228026
31,0.0868531228181,0.00146315184032,0.0712548928209,0.148581940841,0.69184689168
32,0.259131321348,0.00367968210922,0.0633609368435,0.111608859218,0.562219200482
33,0.144022749619,0.0157165449383,0.12947036259,0.00413732493461,0.706653017917
34,0.888001558199,0.0013924360299,0.0507590914063,0.00871182216135,0.0511350922035
35,0.00396131384107,0.00771204144194,0.016163749243,0.00137041947701,0.970792475997
36,0.13193739615,0.0315169033456,0.130211099805,0.00683553721672,0.699499063483
37,0.00820166070845,0.00169294185614,0.0953128038975,0.00610232094908,0.888690272589
38,0.407400314882,0.00325094482961,0.0764272827817,0.412189004805,0.100732452702
39,0.255987676605,0.00718239358895,0.205934573752,0.150938069391,0.379957286664
40,0.979545193446,0.000643866676015,0.003907123042,0.00335981392273,0.012544002913
41,0.518852538267,0.00785892906552,0.0599086076078,0.103674010502,0.309705914557
42,0.89243233731,0.00299481423612,0.00864688241421,0.00951977912194,0.0864061869172
43,0.258263098522,0.00437223524248,0.148997326349,0.353596179025,0.234771160861
44,0.00106655011905,0.00109719115008,0.00668306132081,0.000629138229592,0.99052405918
45,0.00301544022951,0.0039935732729,0.00379336826262,0.000216596778502,0.988981021456
46,0.48035977735,0.00256061534485,0.360641287668,0.0484584585464,0.10797986109
47,0.0257463657317,0.0165338019047,0.323741090226,0.0176477499951,0.616330992143
48,0.00834589462915,0.00435149821075,0.0908866352902,0.0133280081771,0.883087963693
49,0.280580852642,0.0103383259951,0.0645201406376,0.00389875511547,0.64066192561
50,0.0106442797069,0.00242685347768,0.1461796347,0.0246209796938,0.816128252422
51,0.218783168488,0.00638956735008,0.125296763993,0.155484595455,0.494045904713
52,0.919150146796,0.00204582707272,0.0107995883719,0.0123445927825,0.055659844977
53,0.0229125997619,0.00817433952268,0.661323275647,0.059441552858,0.24814823221
54,0.0161603727116,0.0301820100091,0.064232286867,0.0100675632156,0.879357767197
55,0.972449537838,0.000798931596529,0.00356988323292,0.00459239001954,0.0185892573134
56,0.676296119821,0.00182429406377,0.0135965056691,0.010233039304,0.298050041142
57,0.962968850477,0.00115321586123,0.00520259034703,0.00692633691493,0.0237490064001
58,0.0203136882835,0.0222222757721,0.150738283453,0.00272200868593,0.804003743806
59,0.21196977941,0.00382681934793,0.0809017152313,0.247910158952,0.455391527058
60,0.975988863964,0.000672212021518,0.00372932758607,0.00579355951062,0.0138160369182
61,0.774569588934,0.000696636268205,0.093648898379,0.100833683435,0.030251192984
62,0.00137045074268,0.00273290506031,0.0117389826067,0.000610657149848,0.98354700444
63,0.9770125587,0.0010897190207,0.0037160050864,0.00430731715537,0.0138744000377
64,0.00106688462998,0.0127266348993,0.0154789527263,0.000923983359307,0.969803544385
65,0.972947375334,0.00120557984558,0.00415485650269,0.00535252647446,0.0163396618437
66,0.915081446683,0.00189200994682,0.00696347319027,0.0058729434753,0.0701901267045
67,0.059032962618,0.119288845786,0.340167891842,0.00466846347201,0.476841836282
68,0.952316603977,0.00109221812516,0.00629257212422,0.00620407164027,0.0340945341329
69,0.741390541312,0.00253930140389,0.0148446669283,0.00764133388523,0.23358415647
70,0.0221132933159,0.01474180151,0.128535587044,0.00230667798805,0.832302640142
71,0.965508220254,0.00124177435366,0.00502986343954,0.00718298829953,0.0210371536538
72,0.00264465484856,0.00473619131237,0.0237272626726,0.0021995740947,0.966692317072
73,0.00611050522053,0.0196896814951,0.0191622663294,0.00248087851546,0.952556668439
74,0.00475670488976,0.0204136676179,0.0442969222492,0.00595250163484,0.924580203608
75,0.223845760118,0.00237700601564,0.0929128241383,0.21164515041,0.469219259318
76,0.0125477724068,0.000828817926165,0.00237888258968,0.0027383838323,0.981506143245
77,0.086270453882,0.00141352702603,0.026057640351,0.0126002115514,0.87365816719
78,0.699638573656,0.0011189620237,0.00868051181414,0.0048434135879,0.285718538919
79,0.851235394208,0.0015565763707,0.016075734133,0.0768034323544,0.054328862934
80,0.934830338231,0.000827350183119,0.00566617406475,0.0039151523935,0.0547609851274
81,0.365861649148,0.0443104000276,0.381059694591,0.116562061169,0.0922061950643
82,0.858607985885,0.00583643616551,0.014275865291,0.00834391807775,0.112935794581
83,0.0033963296063,0.00424995412926,0.0193674511452,0.00803392150991,0.964952343609
84,0.00214733566113,0.00662874849296,0.0234250845618,0.0018805073262,0.965918323958
85,0.941142696903,0.00219961242376,0.00875804977801,0.0175810864793,0.030318554416
86,0.908610363589,0.00130721825035,0.0109224454168,0.0148539425731,0.0643060301708
87,0.00578827477139,0.000744644991154,0.00376630406408,0.00264996490715,0.987050811266
88,0.0720548086396,0.0380521042801,0.554033504928,0.10692241545,0.228937166702
89,0.00717706705557,0.00193388156839,0.0207870190602,0.00297258543556,0.96712944688
90,0.0034568666426,0.000720997897519,0.0170366391911,0.00300410907903,0.97578138719
91,0.159384636369,0.001793305386,0.246626698988,0.42460352256,0.167591836698
92,0.702357845197,0.0218698925834,0.0684931600671,0.0106905652594,0.196588536893
93,0.000813428750042,0.00387428309606,0.00793835816547,0.00115589012386,0.986218039865
94,0.00391578677766,0.00186294609451,0.201831820051,0.015325901154,0.777063545923
95,0.00793634358231,0.024380475638,0.100335109107,0.00538475289165,0.861963318781
96,0.00139374911089,0.00623349396252,0.0256262119837,0.00110980360179,0.965636741341
97,0.769540483524,0.00202167089663,0.00889467571929,0.0058617311841,0.213681438676
98,0.00871458314404,0.00106253313756,0.00213727859414,0.00223554936283,0.985850055761
99,0.427427597059,0.00256356060724,0.146015582868,0.168706967499,0.255286291967
100,0.00821427531117,0.0705680163286,0.0887739549274,0.00581074275562,0.826633010677
101,0.415931864056,0.00324029815362,0.0176151109857,0.0455380222431,0.517674704562
102,0.0126052652107,0.00710655691998,0.00439602818391,0.00469067148728,0.971201478198
103,0.00224250628715,0.00458539092271,0.0156787230549,0.00104836179882,0.976445017936
104,0.803467635051,0.00172523819259,0.0125897258492,0.00651750921269,0.175699891694
105,0.29869273721,0.00689152660258,0.0648934363216,0.171444568296,0.45807773157
106,0.127938563701,0.0627480170963,0.245126282197,0.0113876595231,0.552799477482
107,0.00626074600107,0.000680798466364,0.00206393733033,0.0023865379356,0.988607980267
108,0.0125633739013,0.00464535112368,0.0048956520129,0.000195140707426,0.977700482255
109,0.960937218332,0.00093772650966,0.00452242011708,0.00514997744029,0.0284526576014
110,0.0238668294123,0.000577084226118,0.00140163119284,0.00166768520098,0.972486769968
111,0.00506384961204,0.038391676302,0.0508106135561,0.00143368364765,0.904300176882
112,0.00935855675771,0.00438547508527,0.0300891570503,0.00378626182416,0.952380549283
113,0.526389576587,0.00138703311941,0.00917313943987,0.00771084222626,0.455339408627
114,0.950216416309,0.00219021485365,0.028909478122,0.00622207594818,0.0124618147668
115,0.00136214402058,0.00154523132498,0.0109759253224,0.00151892767071,0.984597771661
116,0.0037945301371,0.00909976893693,0.0250002064606,0.00180668289235,0.960298811573
117,0.00266992270495,0.00182250614292,0.0163923001642,0.00354493991529,0.975570331073
118,0.144577553867,0.00285616082612,0.00754234767435,0.00219005919699,0.842833878436
119,0.0136035830153,0.00310452786274,0.126481085874,0.00732056258159,0.849490240666
120,0.595092308591,0.00292296584678,0.0100283046904,0.00886896151182,0.38308745936
121,0.888580861731,0.00444008244637,0.0118955979399,0.00551922025845,0.0895642376245
122,0.166262218336,0.00164463129457,0.0218329099748,0.0291039097551,0.781156330639
123,0.593657645226,0.0171215183801,0.112631305876,0.0276695304164,0.248920000102
124,0.00316252210735,0.00778736424132,0.0343929796068,0.00437038332742,0.950286750717
125,0.00861382678826,0.0203544290073,0.10776605272,0.00280627215934,0.860459419325
126,0.837247135291,0.0019254331887,0.00898089472003,0.00984511715729,0.142001419643
127,0.000709607612143,0.0010670362661,0.00787523047924,0.000552046627018,0.989796079015
128,0.963576565708,0.00181997042185,0.00562869298758,0.0143292292783,0.014645541604
129,0.949983075553,0.00141201649174,0.00618798274258,0.00775238434143,0.0346645408717
130,0.00915510768402,0.00327713266145,0.268034257177,0.0107412391432,0.708792263334
131,0.136229090576,0.000668943094125,0.0104084213611,0.0120187498319,0.840674795137
132,0.00285553010974,0.00554089278098,0.0245684450023,0.00627198664809,0.960763145459
133,0.558463978545,0.00535819740945,0.0592948783978,0.199449730873,0.177433214774
134,0.580168782853,0.0402949373383,0.103413596518,0.0186505415995,0.257472141691
135,0.804885174309,0.00149256262419,0.0106539913306,0.0261658307782,0.156802440958
136,0.00911835955491,0.000821559126839,0.00324196936423,0.0021516249995,0.984666486955
137,0.852162145993,0.00191499328135,0.0154451310321,0.0525373328125,0.0779403968813
138,0.00644288786516,0.00113291263973,0.0337950119318,0.00631188551482,0.952317302048
139,0.00399277264443,0.00250715665731,0.00361737113188,0.000304340314518,0.989578359252
140,0.0142869181501,0.00859663231652,0.0819200427061,0.0110852458992,0.884111160928
141,0.0113867492662,0.0028332691172,0.260538873332,0.0116864486599,0.713554659624
142,0.00166990337927,0.00692698378528,0.0115193485062,0.00185389463743,0.978029869692
143,0.807383053186,0.00376714906512,0.015992049437,0.0266925948798,0.146165153432
144,0.00198965797626,0.0166553531936,0.049533064976,0.000811693864344,0.93101022999
145,0.00930525641562,0.00200028000594,0.0179725866471,0.00354544000045,0.967176436931
146,0.00699452289864,0.00466854169401,0.770991516375,0.0339922890641,0.183353129968
147,0.966310042179,0.00140105143376,0.00529997734677,0.00504585671289,0.0219430723275
148,0.596990651214,0.0020409141256,0.216079721093,0.109784769328,0.0751039442386
149,0.0553547382691,0.00120809043011,0.00101138510533,0.000623981495947,0.9418018047
150,0.48079172967,0.00910313014342,0.0953823880728,0.00763339406948,0.407089358044
151,0.00689358043258,0.0183978949602,0.061738145049,0.00373877271221,0.909231606846
152,0.204244535698,0.00220518333825,0.0412667567512,0.0942282642485,0.658055259964
153,0.575194520276,0.005888044117,0.0733844632294,0.0101218093759,0.335411163002
154,0.00127564888172,0.00238118076739,0.0103252574245,0.000778959339695,0.985238953587
155,0.00720202552352,0.00450226241206,0.0274459195319,0.00370535573002,0.957144436802
156,0.102580066918,0.00285324172482,0.00587312407266,0.00261895315819,0.886074614127
157,0.654377498027,0.00238231110358,0.0120935854146,0.00786812569452,0.323278479761
158,0.00240220821412,0.00807191390864,0.0159967405847,0.00116063463868,0.972368502654
159,0.0196272727804,0.0925213121922,0.158137887875,0.00298786188369,0.726725665269
160,0.980458481598,0.000545647414568,0.00319726678574,0.00478848477878,0.011010119423
161,0.838183856544,0.00256387496618,0.014602922089,0.00658930432651,0.138060042074
162,0.796922002778,0.00197299623348,0.0335320573125,0.0921079798656,0.0754649638103
163,0.00803913411935,0.00838597847623,0.0288869736267,0.00302430951383,0.951663604264
164,0.539926758688,0.00192679953063,0.262757613581,0.107710721523,0.0876781066771
165,0.303355119022,0.0263621037246,0.130314152961,0.0152833612998,0.524685262993
166,0.767458286663,0.00170316253078,0.0287835837864,0.0427387029705,0.15931626405
167,0.900132481664,0.000544285264303,0.00500864816775,0.00538701240238,0.0889275725016
168,0.103227431263,0.0593357252424,0.368522817917,0.00968835775649,0.459225667821
169,0.377330914564,0.00687787819967,0.0322687063852,0.0384904302975,0.545032070554
170,0.820801520049,0.00329660241314,0.0130152279309,0.00856328631201,0.154323363295
171,0.773215400021,0.00139049607631,0.00809508939643,0.00617912779716,0.211119886709
172,0.0124113269402,0.00723794216397,0.0600500596091,0.00476188322993,0.915538788057
173,0.579055072015,0.00344436768762,0.0345740670656,0.0941629076247,0.288763585607
174,0.14289631047,0.0128790543743,0.120586678151,0.241656044662,0.481981912343
175,0.982109193539,0.000745370021503,0.0022087660149,0.00475364260678,0.0101830278175
176,0.00186203896867,0.00329107467963,0.0103182724694,0.00174684902904,0.982781764853
177,0.898453758211,0.00149407595051,0.0113508675601,0.0139090245349,0.0747922737439
178,0.0324277835226,0.0060384287511,0.266735663711,0.0380134473538,0.656784676662
179,0.0781429059774,0.00241269508434,0.00507229921465,0.00191064372043,0.912461456003
180,0.0036360002597,0.00242920631921,0.00441777706011,0.000459450199463,0.989057566162
181,0.829229701193,0.00219206725314,0.016855752252,0.0110565657155,0.140665913586
182,0.271350459575,0.00278448519688,0.114015709764,0.172068987888,0.439780357576
183,0.269125358367,0.00328903048979,0.0467154373115,0.198557182868,0.482312990963
184,0.96494068186,0.00141843301719,0.0050897704614,0.005851413468,0.0226997011939
185,0.00624916662318,0.0020636430301,0.223069314276,0.00351333886423,0.765104537207
186,0.367124714234,0.00314033826463,0.215286224873,0.234880902528,0.179567820101
187,0.167523293645,0.00420067088945,0.0812770665871,0.0696320511593,0.677366917719
188,0.060814485956,0.00175655295768,0.053906634605,0.0906713110515,0.79285101543
189,0.196898313973,0.00587628561848,0.171755692698,0.309145995656,0.316323712055
190,0.0166416571665,0.0275557918439,0.117671125398,0.00277282219311,0.835358603399
191,0.965759736395,0.00133870980297,0.00545002599399,0.00555747817281,0.0218940496356
192,0.000705560674945,0.00163310892131,0.00679886580453,0.000680884324716,0.990181580275
193,0.788054633447,0.00672159577556,0.0154974761859,0.007236165259,0.182490129333
194,0.0121804677669,0.00186349264146,0.00598834401908,0.00576201076552,0.974205684807
195,0.14317698303,0.00325928982122,0.0355974627428,0.162782457203,0.655183807203
196,0.843009366548,0.00128782154391,0.0149703536003,0.0444532906802,0.0962791676279
197,0.818390930419,0.00428821128934,0.0185000964055,0.0317600235127,0.127060738373
198,0.00108561696429,0.00267981309132,0.00900511998607,0.000497460215263,0.986731989743
199,0.977997538713,0.000761537940412,0.00380215023554,0.00469222547314,0.0127465476375
200,0.206190185311,0.016920607804,0.0797721726794,0.00692275987294,0.690194274333
201,0.00273036141379,0.00120095002914,0.0154805041183,0.00587038841183,0.974717796027
202,0.983871453174,0.000622649842483,0.00221272934119,0.00476217236348,0.00853099527907
203,0.00203013789733,0.0110098557959,0.0170636507061,0.000822469055046,0.969073886546
204,0.00208665724681,0.0568414667763,0.0284505015962,0.00110343258164,0.911517941799
205,0.00505402202965,0.00411883136773,0.0211660385153,0.00226429440447,0.967396813683
206,0.827581422536,0.00142725669956,0.0279675585773,0.0835221622874,0.0595015998998
207,0.000594468213631,0.000753088568993,0.00638196676901,0.000477419355516,0.991793057093
208,0.167586599263,0.00965482286944,0.0555218747753,0.00382648014828,0.763410222944
209,0.044983216932,0.00713479397007,0.136509654102,0.0201056380724,0.791266696923
210,0.956449177719,0.00171956562054,0.00650821378582,0.00537491230018,0.0299481305742
211,0.321928586478,0.00103846170658,0.311731841333,0.223558663212,0.14174244727
212,0.832618443405,0.00292845670478,0.00996586543247,0.00519714897077,0.149290085487
213,0.835919994176,0.00426224507656,0.0128427141163,0.025554903193,0.121420143438
214,0.00332287827889,0.00912743021171,0.0327482622805,0.00120109195068,0.953600337278
215,0.159812535096,0.0497861713794,0.125450118244,0.00535392168879,0.659597253591
216,0.0134819909722,0.0379687783734,0.0667173535966,0.00419585320886,0.877636023849
217,0.00184397666347,0.00574425498403,0.0148311066699,0.00134352186358,0.976237139819
218,0.564084402689,0.00164718509289,0.01061277112,0.0215964795227,0.402059161576
219,0.00260063137316,0.00582971609857,0.0284892705642,0.0013339906612,0.961746391303
220,0.0196819339929,0.00108096067631,0.00175959617063,0.00180236777748,0.975675141383
221,0.00057959887454,0.000862501067591,0.0113060594151,0.00108763900618,0.986164201637
222,0.00262578435116,0.00926994626021,0.0552869316244,0.0015938283154,0.931223509449
223,0.972023118482,0.000712356676829,0.00381022154763,0.0033242111589,0.0201300921346
224,0.00336051530959,0.00639558889283,0.0198443382986,0.00129375109777,0.969105806401
225,0.970873611939,0.000794271181688,0.00416864456301,0.00510313801265,0.0190603343039
226,0.723302047136,0.00394805634104,0.0430989125391,0.0438992721436,0.185751711841
227,0.115512390521,0.00190185762545,0.00200493719239,0.000605029246186,0.879975785415
228,0.00238754663444,0.662878580989,0.068667354915,0.00070775554278,0.265358761918
229,0.487068691121,0.0240752951924,0.0735433277336,0.00551286119301,0.40979982476
230,0.144577553867,0.00285616082612,0.00754234767435,0.00219005919699,0.842833878436
231,0.137583366972,0.00236992992495,0.0299048081668,0.215260236539,0.614881658397
232,0.442852390723,0.0041541607158,0.0707969200532,0.17207644489,0.310120083618
233,0.135259149831,0.00218759395782,0.0658123276832,0.24760998705,0.549130941479
234,0.0649249023406,0.0245843685295,0.341026194218,0.0439250308689,0.525539504043
235,0.251295569256,0.0246666665849,0.0519748402944,0.0045919681109,0.667470955754
236,0.00536140433375,0.000848841105136,0.0277009516253,0.00557978363964,0.960509019296
237,0.0048393498015,0.00674069485554,0.0300136915323,0.00276356264418,0.955642701166
238,0.342347635489,0.0778855706833,0.185851970631,0.0146289597019,0.379285863495
239,0.741359663632,0.00448965774711,0.0108508930793,0.00684246521771,0.236457320324
240,0.00964438709203,0.015384381491,0.0445656792025,0.00879696675056,0.921608585464
241,0.00252537339909,0.00826298683629,0.0306140888505,0.000963931489122,0.957633619425
242,0.931950545243,0.00195624358681,0.00704988047342,0.0121449307793,0.0468983999178
243,0.00137575661918,0.00583699590334,0.0144985411155,0.000982845505746,0.977305860856
244,0.0336247151499,0.0204985592139,0.148454059489,0.00360470073804,0.793817965409
245,0.00325403250737,0.235137917227,0.0829434607158,0.00104812268001,0.677616466869
246,0.980564447507,0.000678526350403,0.00369651046987,0.00456229737844,0.0104982182946
247,0.0928226521773,0.00148462117686,0.0381795480252,0.0890834292048,0.778429749416
248,0.00442197090889,0.0079751745661,0.0276574635532,0.00196534014932,0.957980050822
249,0.00254054839797,0.00374604571563,0.0186010421631,0.00310485394617,0.972007509777
250,0.114409037571,0.00602873564723,0.12700471216,0.162760162373,0.589797352249
251,0.00660024200884,0.00128185358763,0.0557389012706,0.00284515735595,0.933533845777
252,0.199763104223,0.0395236724868,0.415518586704,0.0711865655178,0.274008071069
253,0.236892767927,0.00501439947933,0.0745948480007,0.187765997988,0.495731986605
254,0.854656588799,0.00415834367115,0.0717657109329,0.017699321897,0.0517200346997
255,0.651578938208,0.00504339312465,0.0156210424237,0.0105576217019,0.317199004542
256,0.117197110366,0.0160809669358,0.579313893939,0.0713208238591,0.216087204901
257,0.932489755787,0.00158779469531,0.00789275647481,0.0136476827019,0.0443820103405
258,0.454013934055,0.00218541832857,0.0388453306998,0.0406253722729,0.464329944643
259,0.00100092574003,0.00111563037094,0.00850513773682,0.000761372810143,0.988616933342
260,0.0614095775253,0.0339869722642,0.620963136179,0.0154669492499,0.268173364781
261,0.665756699471,0.00237443305355,0.0111682922306,0.00318388397084,0.317516691274
262,0.955503133513,0.00223044386991,0.0236745910987,0.00506509888464,0.013526732634
263,0.400885895328,0.00383148120479,0.136661405712,0.208416013522,0.250205204232
264,0.752884396595,0.00414261661773,0.017320453114,0.0123498007084,0.213302732965
265,0.300565648497,0.00303556919881,0.0700121890203,0.280060260993,0.34632633229
266,0.944827746578,0.000702004166425,0.00189114700935,0.0363963574917,0.0161827447544
267,0.121405620448,0.00629873522456,0.104135000616,0.322837517763,0.445323125948
268,0.00277279225743,0.0137481842034,0.0181452441401,0.000660547809465,0.96467323159
269,0.845211982378,0.00377090774359,0.0141540068811,0.0078277549021,0.129035348096
270,0.00890490679923,0.00325582107194,0.0353192502474,0.0025912205361,0.949928801345
271,0.0497616716728,0.00908843038694,0.340107397373,0.0316734979479,0.569369002619
272,0.946326363959,0.00218715059145,0.00840508716624,0.0124360781395,0.0306453201434
273,0.00176644561818,0.00558238174021,0.0189911920734,0.000855234764525,0.972804745804
274,0.983393523132,0.000579625869986,0.00225673724737,0.00464146521446,0.00912864853641
275,0.00712303119436,0.000655655309675,0.00171185279021,0.00214287904143,0.988366581664
276,0.163412785008,0.0415626923077,0.173990731057,0.00697449819636,0.614059293431
277,0.0133564528204,0.00454078876295,0.478098937268,0.0268914607141,0.477112360434
278,0.128921237416,0.0024194310684,0.0825582481281,0.115040255885,0.671060827502
279,0.543245348126,0.00162157815112,0.0105274935011,0.00575498176884,0.438850598453
280,0.200191202481,0.0312377316153,0.136368819806,0.00537386447951,0.626828381618
281,0.0935917079891,0.00177879952559,0.026114132208,0.0782620612181,0.800253299059
282,0.282815353339,0.00124920336026,0.0188602864567,0.0365244304346,0.66055072641
283,0.597506654955,0.0164769174752,0.0661276624743,0.0107815255644,0.309107239531
284,0.028424819015,0.0296281704792,0.911200285921,0.0218947528635,0.00885197172107
285,0.723892684353,0.00214817227279,0.0339920744308,0.0992644839426,0.140702585001
286,0.0122136818754,0.0147477342462,0.123682432113,0.00606915304312,0.843286998722
287,0.280458442892,0.182329863205,0.102849599082,0.0402831546841,0.394078940137
288,0.0145639723892,0.0101578584715,0.664726700208,0.0438311973383,0.266720271593
289,0.804851517797,0.00198319625389,0.0162983063305,0.0177309210024,0.159136058616
290,0.859436830929,0.00402334591162,0.00670142575754,0.00551861627454,0.124319781127
291,0.935918011452,0.00132088222067,0.0223147834435,0.00882591037706,0.0316204125066
292,0.0761567546886,0.153440503246,0.12314584678,0.00536800567651,0.64188888961
293,0.956739498946,0.000801284578528,0.00838494629406,0.0054057428759,0.0286685273052
294,0.0157530816704,0.000840455130536,0.00799593973211,0.00639946222095,0.969011061246
295,0.571669695372,0.00161114269135,0.0208017447757,0.0445250868072,0.361392330354
296,0.0171973897934,0.000870469566386,0.00169707868057,0.00247907357059,0.977755988389
297,0.0385424336395,0.00431041072264,0.104930221737,0.0113494419319,0.840867491969
298,0.00265477637004,0.00985658542723,0.0175249877808,0.00140938359638,0.968554266826
299,0.973738023184,0.00115444113945,0.00398337245695,0.00491084545569,0.0162133177644
300,0.785309967569,0.00268097811348,0.00776403088992,0.0059540625446,0.198290960883
301,0.840983398921,0.00430663098499,0.0136157347235,0.00582697201809,0.135267263352
302,0.969337565977,0.000949673698534,0.00431040531906,0.00721800711859,0.0181843478864
303,0.664377623924,0.00393401295264,0.0513126601013,0.121067724709,0.159307978313
304,0.562679621928,0.00269022051574,0.0329690314426,0.0915054220421,0.310155704072
305,0.876216312123,0.00161913875631,0.00645262493965,0.00895252419034,0.106759399991
306,0.83163900948,0.0011133868812,0.0173379997833,0.116094274473,0.0338153293823
307,0.00841171649098,0.0030006116345,0.0235337099117,0.004506126474,0.960547835489
308,0.848844085314,0.00229145382906,0.0248728371462,0.0479741755856,0.0760174481254
309,0.953420706907,0.00112844353865,0.00517132603136,0.00762325425529,0.0326562692675
310,0.90469637296,0.00562538590265,0.0116216188303,0.00453712226639,0.073519500041
311,0.0033963296063,0.00424995412926,0.0193674511452,0.00803392150991,0.964952343609
312,0.00575118018267,0.1135683521,0.0162848583139,0.00136739282446,0.863028216579
313,0.973643045534,0.00102493020006,0.00346528069514,0.00369980290278,0.0181669406681
314,0.6888667878,0.00217030631657,0.0103888091033,0.00879467227955,0.2897794245
315,0.00302535577962,0.00528444051039,0.00510057535191,0.000493171028319,0.98609645733
316,0.181359003777,0.0108750534438,0.454298432168,0.105564798496,0.247902712115
317,0.820299825167,0.00146811887648,0.0107747130595,0.0065028744211,0.160954468476
318,0.107502026439,0.00317159425837,0.0569417906002,0.162431516422,0.66995307228
319,0.614597837839,0.00875501550289,0.0437556889231,0.114964302551,0.217927155184
320,0.989087145127,0.0003921193144,0.00188995918864,0.00265453585777,0.00597624051212
321,0.00280956228179,0.0131376502122,0.00854361564833,0.000965136283786,0.974544035574
322,0.00454686263022,0.059257575956,0.026702204491,0.00150137935134,0.907991977571
323,0.966590914698,0.000915865692794,0.00495622357592,0.00283244792721,0.0247045481064
324,0.941011070682,0.00162376182776,0.00688015441201,0.017980143257,0.0325048698208
325,0.590430630702,0.00331289345543,0.0234812840272,0.0398823129839,0.342892878831
326,0.00473180312657,0.0203068002951,0.0440650240142,0.00592133977184,0.924975032792
327,0.271131150716,0.00547382770839,0.102912009221,0.270212992321,0.350270020034
328,0.0104309809387,0.0621578080741,0.519538412962,0.00363917008109,0.404233627944
329,0.64568229507,0.00211985589076,0.00846929176169,0.00859320996139,0.335135347316
330,0.716680908961,0.0157143699083,0.061237493415,0.00586089405088,0.200506333665
331,0.924451196594,0.000631737828746,0.00383003518025,0.00199421234017,0.0690928180565
332,0.0123653810293,0.237179830552,0.170690428799,0.00254884102284,0.577215518597
333,0.00245717053517,0.00850203414645,0.0207371867684,0.0011314091236,0.967172199426
334,0.957107134518,0.000690470505823,0.00418326666029,0.00390071512468,0.0341184131908
335,0.0109197488311,0.00489885481047,0.0897192480579,0.00587054873108,0.888591599569
336,0.561864040017,0.00329554638703,0.0189607643649,0.0204929148464,0.395386734384
337,0.00198889502222,0.00115306868617,0.0101403184195,0.00227823796568,0.984439479906
338,0.306449016849,0.00127131175952,0.017458065912,0.0372228576273,0.637598747852
339,0.35245157212,0.00337620342851,0.453996298199,0.148070407333,0.0421055189199
340,0.00804978970766,0.00107983425894,0.0323382778306,0.00339428991491,0.955137808288
341,0.260573476493,0.00170449190163,0.0400878481376,0.0559266806717,0.641707502796
342,0.937591675891,0.001705881345,0.00611689016527,0.00855292740584,0.0460326251925
343,0.983467429092,0.000471805793928,0.00233800179727,0.002983372318,0.0107393909988
344,0.00235829687453,0.00284771494564,0.0190230130583,0.015290098603,0.960480876519
345,0.000711508384097,0.00171506338802,0.00941228787414,0.000615718728398,0.987545421625
346,0.574982057809,0.00277622242116,0.0305732547216,0.334907245399,0.0567612196492
347,0.0249466705382,0.0136329535378,0.0706139369961,0.00632543394431,0.884481004984
348,0.335186462109,0.00176440065342,0.115484150887,0.180803831922,0.366761154429
349,0.577086410241,0.0101800477645,0.102901231204,0.119605590331,0.19022672046
350,0.00570103201758,0.00185926293437,0.0748081711226,0.00690843497438,0.910723098951
351,0.0342757454901,0.12640290607,0.270297713619,0.00388523944524,0.565138395376
352,0.972819794318,0.00122805270365,0.00495502809252,0.00362168500642,0.0173754398796
353,0.848749259782,0.00620406025618,0.0163548578978,0.00698553085375,0.12170629121
354,0.949385193158,0.000952107776932,0.00466585074871,0.0087276453746,0.0362692029415
355,0.632134552158,0.00234465371518,0.0119075117937,0.00330871781606,0.350304564517
356,0.886889420721,0.00360034232113,0.0127102599841,0.00451179797189,0.0922881790022
357,0.974975411991,0.00061447887654,0.00244788659937,0.00659512114706,0.0153671013859
358,0.276948494168,0.00296232959111,0.0184419701918,0.0353852346152,0.666261971434
359,0.497394347616,0.00304433962817,0.0253817875266,0.0362744744455,0.437905050784
360,0.00231014421196,0.00579041888608,0.017987573106,0.00116875569728,0.972743108099
361,0.00387737609486,0.00189405876987,0.00438800531631,0.000406695438269,0.989433864381
362,0.399361177315,0.00245638667464,0.0966627465164,0.229234156228,0.272285533266
363,0.807926524656,0.00238521874568,0.00887691402159,0.0018905138753,0.178920828701
364,0.398477152601,0.00229438387225,0.116543063623,0.316457746477,0.166227653426
365,0.855292977466,0.00235081235197,0.00940640174639,0.0114263402341,0.121523468202
366,0.0047477793505,0.00356740542978,0.0267909707542,0.00463653164503,0.96025731282
367,0.0127348159862,0.00321985608903,0.0542204282172,0.00412099563497,0.925703904073
368,0.00145185530235,0.00355637692116,0.0116361196968,0.000597017037382,0.982758631042
369,0.0888320434556,0.0603104505658,0.263155061185,0.0084769158156,0.579225528978
370,0.968222306053,0.000913925298644,0.00401565975753,0.00410664905039,0.0227414598401
371,0.533432148561,0.00249027859005,0.0395979399622,0.11646482171,0.308014811177
372,0.00288944744032,0.0011690777327,0.0292772733435,0.00619911607856,0.960465085405
373,0.608737594261,0.00370799649244,0.00863518047066,0.00834736757172,0.370571861204
374,0.16189526679,0.00181681210843,0.0516796864244,0.197902958008,0.58670527667
375,0.00121170833875,0.00160971237681,0.0081401774277,0.000516931614723,0.988521470242
376,0.898849212141,0.00122077635592,0.0112294914244,0.0040235337748,0.0846769863039
377,0.170495766545,0.00187845128212,0.088503765962,0.12593058446,0.613191431751
378,0.81398602606,0.0151013726151,0.0620587834318,0.004995463345,0.103858354548
379,0.00266692895367,0.00604416016658,0.0154308510573,0.000942462220563,0.974915597602
380,0.009436763643,0.0019357262267,0.00361595655668,0.000140953313826,0.98487060026
381,0.124087088626,0.0177943996106,0.0714413333881,0.00374485065921,0.782932327716
382,0.739773295162,0.00194864766239,0.00730490905079,0.00377860643261,0.247194541693
383,0.00729493789042,0.0113371353897,0.066423219865,0.00246467484186,0.912480032013
384,0.0403980075169,0.0273394703618,0.0965002185522,0.00375122842028,0.832011075149
385,0.0123456491041,0.00137121403312,0.00213904113342,0.0046056508866,0.979538444843
386,0.956389292325,0.000899402637683,0.00432902630009,0.00584599682954,0.0325362819075
387,0.96951497928,0.00109262061881,0.00389552047801,0.0036006285332,0.0218962510903
388,0.652221959796,0.00196836730516,0.0365581460734,0.188442779913,0.120808746912
389,0.523746412191,0.00718141567956,0.034740276913,0.0411419170421,0.393189978174
390,0.923853856404,0.00155969004094,0.0419301205157,0.00758376387713,0.0250725691621
391,0.115219654755,0.00235853643689,0.0301365172855,0.0565801920539,0.795705099469
392,0.791692381416,0.00340518533603,0.0420577567608,0.103477117994,0.0593675584933
393,0.0959320581644,0.00168910781658,0.0709526918102,0.103384706745,0.728041435464
394,0.00522115187829,0.00337032802533,0.0200134950001,0.00284710643595,0.96854791866
395,0.00269869226598,0.00275816400333,0.0191339781282,0.00580798309457,0.969601182508
396,0.753510971092,0.0124171666191,0.0140756705235,0.0189621418464,0.201034049919
397,0.735917413131,0.00381286534947,0.0132170136757,0.00400451345257,0.243048194392
398,0.00981751481198,0.00585176646724,0.0221162817649,0.00573290549522,0.956481531461
399,0.956352301431,0.00102740243732,0.0043583353376,0.00218167188091,0.0360802889136
400,0.00308722129422,0.0179327355477,0.0308649468488,0.000764287406285,0.947350808903
401,0.00575866630935,0.00287428788645,0.016328738387,0.00251632914291,0.972521978274
402,0.728595925582,0.00232173720298,0.115431248992,0.0544269074199,0.0992241808034
403,0.0458486686385,0.0269045124339,0.177208353666,0.00663755382099,0.74340091144
404,0.0197247187728,0.00255768068354,0.0153045942166,0.0180161586,0.944396847727
405,0.926997230151,0.00116693578068,0.00556140888893,0.00563086068807,0.0606435644915
406,0.524495079302,0.00347832513913,0.0153553685061,0.0278900023639,0.428781224689
407,0.108283836185,0.00158484427023,0.064681344344,0.177562706205,0.647887268996
408,0.091011081135,0.0194708148805,0.332010135734,0.0148577089264,0.542650259324
409,0.789165854763,0.00376558767961,0.0174861270325,0.00604646497405,0.183535965551
410,0.787325829363,0.00155960916232,0.00724256935252,0.00540600943904,0.198465982683
411,0.00275570561518,0.0069959992436,0.0230322404177,0.00101251790592,0.966203536818
412,0.00275627927591,0.0657043328375,0.0361750139829,0.000614637999489,0.894749735904
413,0.649784923729,0.00757673807448,0.0922256819275,0.187600772452,0.0628118838171
414,0.419499824122,0.00220873610431,0.0390287201063,0.254342313864,0.284920405804
415,0.965156896352,0.00187029966488,0.00535915992643,0.00677937732952,0.0208342667272
416,0.952481007917,0.00108153857545,0.0079141215473,0.00456429134999,0.0339590406103
417,0.970262354204,0.000405325799372,0.0022752957816,0.0120843120802,0.0149727121347
418,0.22986369983,0.00309956880208,0.112044242208,0.237140284992,0.417852204169
419,0.0171957962857,0.169703363116,0.562542625819,0.045078406052,0.205479808727
420,0.270355819282,0.0170868312058,0.192525458753,0.0629967117072,0.457035179052
421,0.115757832869,0.00306920401982,0.0218051451366,0.0930918409365,0.766275977038
422,0.285454024983,0.00547612748522,0.0668221856985,0.251617611649,0.390630050184
423,0.598377258,0.00198010559058,0.0139864777447,0.0129486045966,0.372707554069
424,0.865489017999,0.00452473163992,0.0547090484742,0.0119030310886,0.0633741707986
425,0.191103144759,0.018532561608,0.18947553131,0.00622673249001,0.594662029833
426,0.938166031785,0.0014725351433,0.011193792879,0.00726774753002,0.041899892663
427,0.00184522619993,0.00316369988536,0.0168806227724,0.00075984273786,0.977350608404
428,0.00140124170319,0.00433897792226,0.0116864996729,0.00133866161434,0.981234619087
429,0.0781429059774,0.00241269508434,0.00507229921465,0.00191064372043,0.912461456003
430,0.000786785495651,0.00105749943456,0.00800286278633,0.000666174053599,0.98948667823
431,0.00620603640063,0.00127725971536,0.00579129025884,0.0033456433052,0.98337977032
432,0.639092936426,0.00301254964087,0.0185122904046,0.119460301335,0.219921922194
433,0.00561474837294,0.00726811327521,0.0151824062524,0.00229752033321,0.969637211766
434,0.821786968838,0.071180698512,0.0136437507844,0.011155775036,0.0822328068294
435,0.0902266761493,0.00243792287593,0.0306562091868,0.14823952917,0.728439662618
436,0.933322592171,0.00119595161691,0.00561607488364,0.0105581760093,0.0493072053193
437,0.00693760337249,0.0189406751046,0.0446458816622,0.00303835521406,0.926437484647
438,0.960991498651,0.00172272229188,0.00621917953912,0.00752051848584,0.0235460810321
439,0.00500296161401,0.000520723733416,0.00258838188243,0.00198147568286,0.989906457087
440,0.346509371592,0.00794015474439,0.0482663457316,0.128874000697,0.468410127234
441,0.0161581773334,0.000563913944652,0.00851918710263,0.0725540842468,0.902204637372
442,0.00402010840445,0.00171572510156,0.0279776347476,0.00476726665145,0.961519265095
443,0.000756719025547,0.00495478617674,0.00686899552297,0.000789080341303,0.986630418933
444,0.861478942952,0.0012916858911,0.00884884072496,0.00722101101964,0.121159519412
445,0.791429258975,0.0013598319034,0.0137278576299,0.0200664518867,0.173416599605
446,0.00910320174743,0.00109598112182,0.00252906380184,0.003214499026,0.984057254303
447,0.689194722457,0.00139018665155,0.00894439914646,0.00602634658103,0.294444345164
448,0.154437167248,0.00389594181302,0.63754810865,0.140977180895,0.0631416013938
449,0.00788826900569,0.00487485038289,0.0194430760867,0.00202070952137,0.965773095003
450,0.039058779717,0.408072216678,0.305254547746,0.00264229021668,0.244972165643
451,0.00193008616923,0.000814525968588,0.0122591379615,0.00354293515803,0.981453314743
452,0.00219621824186,0.00499521201681,0.0167362981167,0.00115054205264,0.974921729572
453,0.000807188161198,0.00164888411395,0.00713033141941,0.000983131902739,0.989430464403
454,0.0057763457255,0.00779699829416,0.0565632883462,0.00180000789095,0.928063359743
455,0.00532711477521,0.00257863534779,0.0209403631258,0.00204622275959,0.969107663992
456,0.260581449984,0.00221013592166,0.0439351848899,0.0679005702062,0.625372658998
457,0.136367171509,0.00281615697085,0.102093201855,0.224462910761,0.534260558905
458,0.125845911034,0.000815340889892,0.0155029460996,0.0142287241888,0.843607077788
459,0.00176703505962,0.00675454466794,0.0186058812156,0.00127715194373,0.971595387113
460,0.921196777419,0.00138402136613,0.00636830187337,0.00481543104417,0.0662354682971
461,0.26982700245,0.00707459610558,0.0626888040595,0.157366071017,0.503043526368
462,0.410517745597,0.0151143854615,0.0389755361807,0.36566135212,0.169730980641
463,0.290913617157,0.00262880643016,0.0408013833661,0.252858780798,0.412797412249
464,0.00240609035368,0.0093608466839,0.0153808810927,0.00120216079518,0.971650021075
465,0.877800466658,0.00210911004446,0.00679917577752,0.00683318624073,0.10645806128
466,0.767185465809,0.00165886667395,0.00854905005267,0.00432650463413,0.21828011283
467,0.00555845493881,0.00246588904949,0.0260262746284,0.00327825652788,0.962671124855
468,0.931930736808,0.00182149491004,0.00474709793869,0.00213632912478,0.0593643412186
469,0.00629126159499,0.00205029666723,0.00428072379928,0.000743776084007,0.986633941854
470,0.870912771103,0.00181781756405,0.0133101973355,0.0659961411843,0.0479630728131
471,0.564367810184,0.00190865252707,0.0936116741837,0.0673023563388,0.272809506767
472,0.602106632936,0.00265884072787,0.0126279491752,0.00989405877077,0.37271251839
473,0.00421742872463,0.00878250475299,0.0221034176307,0.0025095132394,0.962387135652
474,0.972996416512,0.000524928608294,0.00365557543771,0.00299138153776,0.0198316979043
475,0.834156641898,0.00242770201803,0.00991089309913,0.0481269247849,0.1053778382
476,0.0819534470528,0.00814019931132,0.336403920735,0.04667991961,0.526822513291
477,0.00450987756063,0.00891269425716,0.0196845793937,0.00215746945136,0.964735379337
